0.047781761147210396
0.09917656285010083
0.14737844499215774
0.19588841586376876
0.24526663679139593
0.29436477705579206
0.3432948689222496
0.39183284786018374
0.44244342370602735
0.49288595115393236
0.49288595115393236
0.4272070356262604
0.3980786466502353
0.3315874971991934
0.27235043692583466
0.2205915303607439
0.17261371274927179
0.12906116961684966
0.0929307640600493
0.048986107999103745
0.09738404660542237
0.19773694824109345
0.2974456643513332
0.39768653372171187
0.49859959668384496
0.5976361192023303
0.69734483531257
0.7975857046829486
0.897462469191127
1.0
0.09738404660542237
0.19773694824109345
0.2974456643513332
0.39768653372171187
0.49859959668384496
0.5976361192023303
0.69734483531257
0.7975857046829486
0.897462469191127
1.0
0.09923257898274702
0.19784898050638583
0.29621330943311674
0.39670625140040333
0.4385783105534394
0.5992885951153932
0.6988292628276944
0.7992381805960117
0.8997591306296213
0.9998599596683845
0.05730450369706475
0.10811113600717007
0.15578086488908804
0.2042068115617298
0.22465269997759355
0.3014508178355366
0.3505489580999328
0.400767421017253
0.44773694824109345
0.49282993502128614
0.09738404660542237
0.09738404660542237
0.04764172081559489
0.09634774815146763
0.14429755769661662
0.19566435133318397
0.24498655612816492
0.29358055119874527
0.3435189334528344
0.39205691239076856
0.44093098812457987
0.49288595115393236
0.09738404660542237
0.19773694824109345
0.2974456643513332
0.39768653372171187
0.49859959668384496
0.5976361192023303
0.69734483531257
0.7975857046829486
0.897462469191127
1.0
0.001484427515124356
0.06870378669056688
0.16880461572933006
0.2676450817835537
0.36648554783777726
0.4675946672641721
0.5685917544252744
0.667124131749944
0.7674210172529689
0.9992437822092762
0.09937261931436253
0.19980954514900293
0.2978657853461797
0.3985827918440511
0.49829150795429084
0.5995686757786243
0.6998935693479722
0.7998263499887968
0.8657293300470535
0.9992437822092762
0.05752856822764956
0.11155612816491149
0.16037418776607662
0.21081671521398163
0.25742213757562177
0.30660430203898725
0.3543580551198745
0.40015124355814474
0.42885951153932333
0.4922977817611472
0.05752856822764956
0.11155612816491149
0.16037418776607662
0.21081671521398163
0.25742213757562177
0.30660430203898725
0.3543580551198745
0.40015124355814474
0.42885951153932333
0.4922977817611472
0.09996078870714765
0.19994958548061842
0.2999663903204123
0.39995518709388306
0.5
0.5999607887071476
0.6999775935469416
0.7999663903204123
0.8709388303831503
0.8700985883934573
0.05699641496751064
0.1117801926954963
0.16057024423033833
0.20616737620434686
0.25333295989244903
0.30167488236612144
0.3495686757786242
0.39771454178803495
0.43482522966614384
0.4316603181716334
0.0612816491149451
0.11606542684293077
0.16605982522966614
0.2159982074837553
0.26279968630965717
0.3110015684517141
0.35466614384942863
0.39830271118082006
0.45871611023974906
0.49288595115393236
0.09996078870714765
0.1999215774142953
0.2999663903204123
0.39995518709388306
0.4999719919336769
0.5999607887071476
0.6999775935469416
0.7999663903204123
0.948997311225633
1.0
0.9996358951377997
0.28848308312794085
