
0.056136425016397234
0.11721131216482117
0.17639569427832863
0.23635171109996528
0.2965778000694471
0.3553377830934836
0.4146379104132104
0.47532698020756975
0.5332767467880706
0.5959334850881592
0.04773211355145082
0.09797828136457279
0.14784035755438388
0.19724850728028212
0.24672649184678236
0.29543629316666087
0.34460002095045217
0.3931003177485247
0.442368797793219
0.4917420300988163
0.06023705977658395
0.12245246013473182
0.18488957107529633
0.24737784599641852
0.3092521531508485
0.3714846081691822
0.43267672891617637
0.495096785196555
0.5565958898268952
0.6188112901850431
0.0652059542598954
0.13304242874384922
0.20025995729273047
0.26583727911366944
0.3331785968495652
0.4005508618822146
0.4662829201869217
0.5343050784513973
0.6000061894593507
0.6684306625816235
0.06346540508574808
0.13090479006505026
0.19723240685984625
0.26462448255470133
0.3303607332939089
0.3965464222353637
0.46232998225901834
0.52816085156712
0.5933767001774098
0.6608870490833826

0.08163895212006636
0.15459701377367954
0.21856553107758786
0.27767274972028244
0.3279833326903044
0.38122612755121726
0.43153671052123926
0.48393070720321
0.5413017477526139
0.5959334850881592
0.05677572540940675
0.10667271901951884
0.15293830091832816
0.19868012151262265
0.24009218198959462
0.2879290478019484
0.3327280980481162
0.38356786200635495
0.43353469045706905
0.4917420300988163
0.07475057559478128
0.14513515818197323
0.2089366419374094
0.26521702055086555
0.31813763110770016
0.3752707427304511
0.42885648503453566
0.48810437452033767
0.5497399164321651
0.6188112901850431
0.06684616098783772
0.1296691733977037
0.1883761953393371
0.24974468480178255
0.30975149320706835
0.3770309163494569
0.443010553028193
0.5122706031628137
0.5871011667130877
0.6684306625816235
0.06874039030159669
0.1384033116499113
0.2049438202247191
0.2739917208752218
0.3390892962743938
0.4070254287403903
0.47235955056179774
0.537244234180958
0.5992430514488468
0.6608870490833826
0.06385277209768896
0.12982753964273314
0.19290867703229292
0.25606697789266564
0.3172190285119025
0.37806242524788763
0.43385161464562677
0.4901809483390563
0.5439638874956596
0.5958949033527529
0.06874039030159669
0.1384033116499113
0.2049438202247191
0.2739917208752218
0.3390892962743938
0.4070254287403903
0.47235955056179774
0.537244234180958
0.5992430514488468
0.6608870490833826
0.5940626848018924
0.5926670609107038
0.06559432288586635
0.3630927119101817
0.3173733554535283
0.05744820402021683
0.12010494232030557
0.1769744203094255
0.23797214398703653
0.29692503568810524
0.356302326478645
0.41483081909024266
0.4749411628535051
0.5342027084378256
0.5959334850881592
0.04818604001536367
0.09693075875554313
0.1468975872062572
0.19613114983065053
0.24571388665805372
0.2930968260064946
0.3448793603128601
0.3928908132267188
0.4411466880826844
0.4917420300988163
0.06221540035814786
0.12325402916346892
0.1849748443762258
0.24592819988061737
0.31061652596572015
0.3723543958386629
0.431261192120747
0.49393706830391404
0.5554361729342543
0.6188112901850431
0.06526784885340266
0.13202116795097948
0.19902206542258533
0.2638566521214372
0.33342617522359425
0.3978584470646489
0.46526165939405195
0.5334385541422957
0.601151239439235
0.6684306625816235
0.0649083382613838
0.12920165582495566
0.19529272619751625
0.26372560615020696
0.3308811354228267
0.39548196333530455
0.46221170904790065
0.528515671200473
0.5924541691306919
0.6608870490833826
0.0028164666846714763
0.06867548902349628
0.1331069871522821
0.19576372545237083
0.2546780354180331
0.3143253983564181
0.3756703576526872
0.43427601373509783
0.49276592461128904
0.5480921331841506
0.5959334850881592
0.049687489088306155
0.10133035371346764
0.14874821048220957
0.19689933307727225
0.24714550089039422
0.2957505499493697
0.345088864834666
0.39191312545829116
0.4392611473864311
0.4917071126785153
0.06620619084164749
0.13159375799437195
0.19474716466274408
0.2580199539524175
0.3205593928540974
0.3824678093288991
0.44238083056195104
0.5030272021829965
0.5615929052613626
0.6188112901850431
0.07418067031844769
0.14613313527063412
0.21585739485655928
0.28428186797883204
0.35177792219849596
0.4184693467025655
0.483087302324142
0.5472719957911676
0.6094760622659611
0.6683997152848699
0.0706327616794796
0.14183323477232407
0.21000591366055588
0.2776108811354228
0.3442696629213483
0.41036073329390893
0.475103489059728
0.5389710230632762
0.6005677114133648
0.660863394441159
0.06874299625178716
0.049687489088306155
