0.4025
0.35375
0.31875
0.28625
0.27125
0.26
0.215
0.1675
0.12125
0.0
0.4025
0.35375
0.31875
0.28625
0.27125
0.26
0.215
0.1675
0.12125
0.0
0.85375
0.61375
0.51875
0.4425
0.38875
0.34
0.2825
0.2225
0.15875
0.0
0.85375
0.61375
0.51875
0.4425
0.38875
0.34
0.2825
0.2225
0.15875
0.0
0.58
0.49375
0.425
0.3725
0.32375
0.265
0.20125
0.13625
0.05375
0.0
0.8883126000255305
0.835994876751888
0.8251712360389872
0.8177172933717952
0.8078430746720119
0.7985901079881857
0.7919971458010734
0.7760310160092712
0.728798102619843
0.5450927556985514
0.2712441289002626
0.2239862363279873
0.20800316873256933
0.20141344531311653
0.1921591602932575
0.18228562890764993
0.17483000991352007
0.16401167444459525
0.11168739997447026
0.11168739997447026
0.3050068788861381
0.2724291713287942
0.25363082018383365
0.23992899581538107
0.22872217912222634
0.21852536163825131
0.2087386570703832
0.1930689674979031
0.05745184944593179
0.05745184944593179
